=== means ===
0.010000
0.010000
0.037000
0.058000
0.085000
0.120000
0.148000
0.176000
0.198000
0.237000
0.272000
0.287000
0.310000
0.333000
0.360000
0.374000
0.453000
0.489000
0.518000
0.553000
0.541000
0.570000
0.611000
0.628000
0.650000
0.662000
0.686000
0.712000
0.723000
0.729000
0.745000
0.742000
0.751000
0.775000
0.769000
0.770000
0.764000
0.782000
0.768000
0.767000
0.805000
0.799000
0.808000
0.821000
0.862000
0.894000
0.912000
0.911000
0.935000
0.940000
0.953000
0.932000
0.901000
0.911000
0.897000
0.895000
0.902000
0.917000
0.919000
0.946000
0.912000
0.901000
0.884000
0.912000
0.898000
0.906000
0.929000
0.918000
0.887000
0.876000
0.853000
0.870000
0.873000
0.903000
0.924000
0.917000
0.940000
0.944000
0.964000
0.972000
0.985000
0.975000
0.986000
0.968000
0.969000
0.955000
0.943000
0.908000
0.871000
0.857000
0.853000
0.875000
0.884000
0.889000
0.889000
0.882000
0.863000
0.834000
0.843000
0.847000
0.871000
0.869000
0.875000
0.876000
0.870000
0.886000
0.876000
0.866000
0.894000
0.900000
0.896000
0.928000
0.913000
0.914000
0.909000
0.908000
0.901000
0.873000
0.884000
0.867000
0.881000
0.876000
0.882000
0.869000
0.912000
0.921000
0.940000
0.941000
0.937000
0.932000
0.919000
0.913000
0.885000
0.902000
0.876000
0.871000
0.879000
0.903000
0.894000
0.911000
0.904000
0.884000
0.882000
0.890000
0.884000
0.884000
0.903000
0.903000
0.920000
0.919000
0.947000
0.938000
0.943000
0.983000
0.980000
0.994000
1.010000
1.045000
1.027000
1.021000
1.042000
1.082000
1.087000
1.103000
1.102000
1.092000
1.081000
1.090000
1.077000
1.052000
1.058000
1.024000
1.011000
0.998000
0.957000
0.974000
0.962000
0.972000
0.999000
1.018000
1.023000
1.008000
1.035000
1.030000
1.003000
1.003000
1.007000
1.009000
0.996000
0.991000
0.991000
0.976000
0.984000
0.953000
0.947000
0.931000
0.917000
0.933000
0.893000
0.922000
0.916000
0.918000
0.909000
0.915000
0.926000
0.912000
0.903000
0.892000
0.886000
0.886000
0.892000
0.910000
0.924000
0.973000
0.997000
0.979000
0.978000
0.976000
0.976000
0.978000
1.008000
1.018000
1.003000
1.017000
1.029000
1.055000
1.036000
1.032000
1.021000
1.018000
0.991000
0.984000
0.973000
0.965000
0.989000
0.958000
0.977000
0.995000
0.997000
1.021000
1.018000
1.009000
1.011000
0.995000
1.004000
0.962000
0.976000
0.953000
0.932000
0.927000
0.919000
0.913000
0.914000
0.918000
0.932000
0.932000
0.907000
0.916000
0.915000
0.914000
0.926000
0.956000
0.959000
0.975000
0.991000
0.992000
1.008000
1.011000
1.024000
1.021000
0.968000
0.966000
0.950000
0.913000
0.916000
0.920000
0.915000
0.913000
0.914000
0.914000
0.943000
0.950000
0.949000
0.949000
0.935000
0.936000
0.929000
0.943000
0.949000
0.957000
0.952000
0.953000
0.954000
0.936000
0.928000
0.933000
0.934000
0.923000
0.898000
0.904000
0.913000
0.904000
0.906000
0.889000
0.892000
0.925000
0.912000
0.934000
0.938000
0.938000
0.920000
0.919000
0.895000
0.908000
0.923000
0.927000
0.948000
0.931000
0.928000
0.952000
0.983000
0.995000
1.014000
1.016000
1.006000
1.017000
1.019000
0.990000
1.000000
0.997000
0.992000
0.989000
0.986000
0.970000
0.971000
0.957000
0.952000
0.972000
0.969000
0.959000
0.938000
0.948000
0.959000
0.946000
0.967000
0.940000
0.927000
0.965000
0.980000
0.963000
0.960000
0.940000
0.910000
0.887000
0.871000
0.887000
0.910000
0.914000
0.908000
0.900000
0.899000
0.917000
0.927000
0.937000
0.962000
0.928000
0.917000
0.892000
0.873000
0.856000
0.858000
0.844000
0.854000
0.863000
0.862000
0.868000
0.867000
0.867000
0.874000
0.896000
0.905000
0.918000
0.909000
0.933000
0.938000
0.948000
0.961000
0.978000
0.997000
1.031000
1.043000
1.057000
1.072000
1.036000
1.050000
1.039000
1.024000
1.024000
1.008000
1.023000
1.027000
1.034000
1.030000
1.021000
1.012000
0.973000
0.960000
0.960000
0.943000
0.930000
0.931000
0.961000
0.970000
0.976000
0.956000
0.947000
0.931000
0.908000
0.916000
0.885000
0.887000
0.889000
0.884000
0.906000
0.906000
0.930000
0.913000
0.915000
0.909000
0.908000
0.926000
0.907000
0.942000
0.947000
0.928000
0.939000
0.933000
0.917000
0.928000
0.915000
0.931000
0.937000
0.959000
0.939000
0.976000
0.987000
0.968000
0.959000
0.955000
0.948000
0.930000
0.906000
0.912000
0.910000
0.909000
0.918000
0.925000
0.879000
0.887000
0.879000
0.854000
0.850000
0.811000
0.818000
0.824000
0.834000
0.837000
0.832000
0.820000
0.818000
0.823000
0.849000
0.854000
0.883000
0.872000
0.916000
0.913000
0.923000
0.924000
0.927000
0.948000
0.948000
0.958000
0.943000
0.919000
0.912000
0.917000
0.922000
0.952000
0.952000
0.961000
0.961000
0.955000
0.956000
0.966000
0.955000
0.960000
0.961000
0.991000
0.959000
0.950000
0.933000
0.943000
0.938000
0.931000
0.906000
0.896000
0.876000
0.877000
0.875000
0.871000
0.884000
0.891000
0.910000
0.885000
0.870000
0.874000
0.896000
0.905000
0.912000
0.905000
0.889000
0.895000
0.933000
0.935000
0.934000
0.900000
0.907000
0.896000
0.916000
0.907000
0.888000
0.882000
0.888000
0.890000
0.888000
0.904000
0.908000
0.915000
0.918000
0.919000
0.924000
0.924000
0.945000
0.965000
0.950000
0.966000
0.948000
0.954000
0.940000
0.960000
0.945000
0.961000
0.978000
0.998000
0.995000
1.000000
1.029000
1.031000
1.029000
1.015000
0.992000
1.004000
1.033000
0.995000
0.989000
0.985000
0.969000
0.960000
0.966000
0.978000
0.978000
0.978000
0.950000
0.953000
0.965000
0.932000
0.925000
0.914000
0.884000
0.898000
0.878000
0.886000
0.904000
0.896000
0.893000
0.901000
0.913000
0.904000
0.895000
0.916000
0.918000
0.933000
0.902000
0.932000
0.940000
0.935000
0.941000
0.938000
0.961000
0.962000
0.946000
0.944000
0.949000
0.958000
0.971000
0.967000
0.972000
0.938000
0.935000
0.925000
0.924000
0.944000
0.921000
0.947000
0.922000
0.927000
0.939000
0.935000
0.931000
0.927000
0.946000
0.964000
0.962000
0.981000
0.950000
0.961000
0.961000
0.964000
0.974000
0.952000
0.944000
0.968000
0.984000
0.956000
0.932000
0.943000
0.961000
0.943000
0.946000
0.942000
0.883000
0.900000
0.900000
0.933000
0.909000
0.912000
0.903000
0.909000
0.927000
0.912000
0.908000
0.926000
0.930000
0.918000
0.943000
0.932000
0.966000
0.974000
0.939000
0.932000
0.937000
0.941000
0.947000
0.976000
1.001000
0.991000
0.982000
0.971000
0.974000
0.956000
0.923000
0.925000
0.931000
0.913000
0.901000
0.904000
0.873000
0.866000
0.847000
0.828000
0.822000
0.810000
0.804000
0.811000
0.823000
0.825000
0.828000
0.808000
0.814000
0.827000
0.852000
0.838000
0.858000
0.874000
0.860000
0.873000
0.898000
0.924000
0.939000
0.962000
0.983000
0.977000
0.988000
1.012000
1.010000
0.976000
0.969000
0.955000
0.930000
0.903000
0.887000
0.899000
0.901000
0.896000
0.902000
0.890000
0.886000
0.868000
0.860000
0.845000
0.836000
0.819000
0.812000
0.795000
0.804000
0.786000
0.811000
0.796000
0.786000
0.783000
0.789000
0.772000
0.754000
0.737000
0.710000
0.699000
0.729000
0.739000
0.733000
0.727000
0.749000
0.752000
0.762000
0.776000
0.783000
0.789000
0.802000
0.828000
0.832000
0.835000
0.840000
0.857000
0.896000
0.912000
0.889000
0.882000
0.884000
0.876000
0.847000
0.820000
0.813000
0.812000
0.801000
0.785000
0.779000
0.765000
0.780000
0.794000
0.749000
0.754000
0.766000
0.755000
0.767000
0.756000
0.762000
0.766000
0.774000
0.780000
0.783000
0.813000
0.812000
0.803000
0.833000
0.833000
0.846000
0.856000
0.866000
0.891000
0.872000
0.862000
0.883000
0.868000
0.849000
0.856000
0.847000
0.855000
0.837000
0.836000
0.842000
0.872000
0.883000
0.908000
0.878000
0.858000
0.846000
0.839000
0.849000
0.827000
0.830000
0.847000
0.834000
0.835000
0.834000
0.842000
0.832000
0.824000
0.821000
0.781000
0.779000
0.793000
0.792000
0.770000
0.748000
0.759000
0.776000
0.782000
0.737000
0.737000
0.738000
0.721000
0.741000
0.744000
0.717000
0.709000
0.727000
0.714000
0.745000
0.753000
0.750000
0.753000
0.764000
0.757000
0.774000
0.782000
0.811000
0.787000
0.773000
0.794000
0.755000
0.777000
0.775000
0.805000
0.812000
0.833000
0.834000
0.851000
0.852000
0.854000
0.857000
0.833000
0.832000
0.826000
0.820000
0.822000
0.815000
0.813000
0.826000
0.811000
0.780000
0.779000
0.783000
0.803000
0.826000
0.841000
0.824000
0.820000
0.844000
0.801000
0.821000
0.816000
0.835000
0.847000
0.825000
0.829000
0.827000
0.816000
0.813000
0.822000
0.803000
0.792000
0.778000
0.774000
0.790000
0.790000
0.795000
0.793000
0.793000
0.785000
0.755000
0.765000
0.753000
0.768000
0.772000
0.777000
0.768000
0.793000
0.766000
0.739000
0.757000
0.764000
0.762000
0.763000
0.748000
0.753000
0.746000
0.744000
0.760000
0.768000
0.754000
0.751000
0.752000
0.753000
0.728000
0.731000
0.733000
0.756000
0.795000
0.806000
0.816000
0.771000
0.784000
0.744000
0.764000
0.756000
0.732000
0.738000
0.718000
0.713000
0.706000
0.700000
0.686000
0.684000
0.688000
0.686000
0.704000
0.736000
0.745000
0.734000
0.751000
0.761000
0.757000
0.770000
0.777000
0.808000
0.808000
0.818000
0.815000
0.842000
0.849000
0.853000
0.869000
0.902000
0.895000
0.897000
0.894000
0.911000
0.923000
0.912000
0.945000
0.945000
0.951000
0.988000
0.971000
0.974000
0.946000
0.954000
0.959000
0.953000
0.940000
0.932000
0.928000
0.925000
0.908000
0.947000
0.958000
0.957000
0.940000
0.949000
0.964000
0.973000
0.948000
0.943000
0.911000
0.885000
0.894000
0.876000
0.880000
0.890000
0.873000



=== variances ===
0.019900
0.019900
0.115631
0.158636
0.233774
0.389600
0.552100
0.697023
0.794799
0.964836
1.144013
1.280636
1.423908
1.612118
1.856390
1.996129
2.481784
2.727889
2.945666
3.195177
3.034329
3.199114
3.493660
3.709621
3.807500
3.667748
4.023403
4.189056
4.192257
4.071581
4.107989
4.061421
4.134990
4.240362
4.109621
4.059104
4.140322
4.266494
4.140186
4.066711
4.552978
4.524614
4.571125
4.782969
5.220976
5.368769
5.568278
5.563064
5.648795
5.716374
5.836782
5.467393
5.149179
5.259069
5.082392
4.977974
4.962407
5.216119
5.318439
5.587098
5.386276
5.201180
5.174560
5.386278
5.373590
5.463145
5.743958
5.543303
5.212245
5.098606
4.909390
4.857099
4.958880
5.205606
5.410215
5.362101
5.588376
5.848851
5.984677
5.981232
6.034768
5.878404
6.079786
6.030966
6.328046
6.319000
5.983719
5.777536
5.346345
5.166543
5.193388
5.581375
5.376557
5.490664
5.320665
5.174070
4.928237
4.612443
4.800365
5.033607
5.532353
5.583829
5.601375
5.554606
5.317100
5.724992
5.362607
5.228062
5.456771
5.546032
5.319176
5.854803
5.795428
5.870633
5.724704
5.571534
5.639179
5.804877
5.892560
5.565325
5.684822
5.706604
5.668067
5.545823
6.056278
6.090745
6.246372
6.457531
6.193010
6.167395
5.926431
5.759426
5.281760
5.390418
5.126606
5.208357
5.088346
5.381605
5.318763
5.647070
5.758779
5.448555
5.372076
5.517889
5.342559
5.418560
5.429606
5.445606
5.649615
5.526433
5.680182
5.620173
5.627736
6.224722
6.393624
6.343963
6.539878
6.796984
6.324251
6.252583
6.290222
6.539265
6.573448
6.818362
6.917574
6.961512
6.842407
6.911863
6.941062
6.693281
6.600651
6.379429
6.358891
6.002011
5.601146
5.825355
5.828571
5.827234
6.041020
6.205704
6.430491
6.177958
6.399777
6.363079
5.873004
5.859000
5.846967
5.806909
5.735977
5.556931
5.822931
5.827450
6.075746
5.776783
5.680184
5.538242
5.306106
5.470531
5.161542
5.453929
5.512966
5.835294
5.776705
5.675775
5.670506
5.316270
5.317603
5.238331
5.200993
5.058994
5.046331
5.193913
5.290216
5.762290
6.038971
5.826586
5.915544
5.959455
6.093455
6.017546
6.285962
6.347705
6.349007
6.664683
6.666156
6.831984
6.380674
6.258960
6.080581
6.079700
5.740933
5.555745
5.538289
5.245768
5.790866
5.430220
5.696496
5.998964
6.106967
6.258579
6.211699
6.214910
6.328893
6.194961
6.238002
5.866572
6.167454
6.066783
5.945393
5.841696
5.776425
5.707418
5.756632
5.555302
5.615393
5.457391
5.232367
5.144970
5.237778
5.306632
5.294498
5.576039
5.893318
6.024406
6.330934
6.365941
6.437960
6.600895
6.755428
6.712583
6.132965
6.056823
6.047513
5.881427
5.682969
5.725611
5.641776
5.453428
5.550628
5.692627
6.137738
6.301512
6.376413
6.220413
6.044794
6.193882
5.899957
5.793739
5.910411
5.933144
5.827671
5.686783
5.755900
5.413884
5.332806
5.398528
5.503629
5.483093
5.151590
5.380781
5.519430
5.342781
5.601142
5.358660
5.516330
5.611384
5.302277
5.657624
5.536175
5.444175
5.377613
5.536434
5.291975
5.541536
5.741096
5.521692
5.687282
5.574249
5.370810
5.649673
6.020721
6.226960
6.443779
6.153728
5.967967
6.110695
6.120625
5.847878
6.068000
6.102967
6.273945
6.284860
6.379786
6.001109
6.156178
5.893143
6.051668
6.279236
6.226045
6.031318
5.862175
6.119281
6.125319
6.137100
6.217890
6.014371
5.869699
6.271767
6.559628
6.237672
6.270416
6.150369
5.915915
5.700250
5.510349
5.646251
5.679914
5.632632
5.607535
5.490032
5.408793
5.692112
5.857697
6.115012
6.384582
5.996795
5.856105
5.552331
5.148872
5.151265
5.175836
5.029659
5.168680
5.138247
5.216977
5.360570
5.259322
5.207321
5.348142
5.813170
5.785978
5.735298
5.450702
5.528536
5.584170
5.547281
5.491476
5.741544
5.838969
6.000053
5.907171
6.119751
6.366804
5.924676
6.203518
5.965483
5.825431
6.127431
5.813960
5.842486
5.836252
5.902845
5.837085
5.858582
5.719872
5.542293
5.408414
5.322413
5.077745
4.989105
4.876252
5.259466
5.265108
5.409454
5.288048
5.312189
5.342249
5.141536
5.262964
4.985763
4.858231
4.984669
5.106554
5.345153
5.399152
5.653113
5.631429
5.501778
5.430711
5.499536
5.702504
5.278354
5.570644
5.424189
5.258811
5.399289
5.342524
5.170115
5.342812
5.191780
5.344250
5.395019
5.521318
5.221289
5.555446
5.646818
5.368967
5.269317
5.494986
5.593283
5.407114
5.173156
5.186268
5.251912
5.340715
5.567293
5.477385
4.984355
5.084236
5.000353
4.832695
4.777497
4.589276
4.378863
4.569013
4.666445
4.800437
4.835774
4.653590
4.524862
4.657674
4.946202
4.950694
5.233308
5.109625
5.154969
5.185432
5.101093
5.186215
5.099694
5.339281
5.325282
5.218216
5.251736
5.038435
4.996277
4.984110
5.083930
5.355668
5.371667
5.331475
5.283474
5.218987
5.154037
5.368822
5.316998
5.282413
5.443487
5.784944
5.659319
5.927526
5.724549
5.869720
5.860175
5.794231
5.513144
5.557159
5.402603
5.161858
5.155375
5.164348
5.308560
5.313120
5.323913
5.023759
4.895103
5.062138
5.163172
5.305977
5.368272
5.315980
5.268666
5.347975
5.666533
5.854791
5.795630
5.394027
5.420365
5.403178
5.710970
5.650369
5.539474
5.470069
5.557473
5.757883
5.513472
5.780774
5.639536
5.699776
5.671299
5.506438
5.746217
5.866217
5.977994
6.305774
6.095505
6.276821
6.061282
6.123902
5.928375
6.156414
6.223994
6.449492
6.427545
6.624026
6.384960
6.432000
6.876155
6.986054
6.796156
6.724797
6.347941
6.252001
6.535932
6.032961
6.070868
6.024769
5.794044
5.584412
5.782825
5.911543
5.767543
5.925542
5.649508
5.572783
5.751766
5.543392
5.443380
5.430624
4.984553
5.169590
5.169124
5.205006
5.450786
5.547180
5.689545
5.789187
5.759432
5.716783
5.553973
5.608963
5.579294
5.742524
5.198406
5.529391
5.482377
5.566792
5.723530
5.668172
5.885473
5.750564
5.589097
5.488852
5.574412
5.616217
5.772176
5.615891
5.751232
5.496171
5.476793
5.507387
5.646216
5.688851
5.310752
5.584181
5.361929
5.629695
5.569307
5.488794
5.558240
5.581696
6.001109
6.454678
6.220578
6.304656
5.973519
6.161484
5.985481
6.038686
6.191355
5.807671
5.568851
5.614964
5.731746
5.544033
5.271393
5.637729
5.729481
5.605731
5.651107
5.414654
4.719315
4.846029
4.952029
5.350531
5.078712
4.896277
4.831605
4.838713
5.071696
5.014277
5.055536
5.322496
5.361109
5.263301
5.439743
5.337393
5.608822
5.657352
5.547291
5.627393
5.625016
5.623531
5.772190
6.055457
6.518975
6.368931
6.237689
6.176178
6.415359
6.160036
5.933100
5.813385
5.928242
5.671422
5.611183
5.474774
5.166875
5.168060
5.135614
4.898403
4.722313
4.557905
4.407568
4.481275
4.755673
4.636386
4.688400
4.641127
4.797405
4.759066
5.060100
5.015759
5.171839
5.364142
5.066403
5.168863
5.477591
5.634214
5.699300
6.168574
6.340722
6.464503
6.395846
6.617873
6.677879
6.453454
6.522045
6.206988
5.965121
5.543607
5.498241
5.542790
5.559184
5.499169
5.574419
5.437886
5.358990
5.208570
4.908397
4.650974
4.529096
4.188237
4.336652
4.252996
4.397573
4.350196
4.617275
4.616391
4.574190
4.567887
4.482498
4.474000
4.303479
4.077856
3.761920
3.722413
3.879584
4.032892
3.997690
3.892483
4.070008
4.070514
4.163369
4.321831
4.563888
4.774497
5.084806
5.294397
5.025775
5.065791
5.032391
5.254546
5.595169
5.974275
5.680665
5.544070
5.524556
5.276609
4.965608
4.723588
4.654037
4.798656
4.731399
4.690765
4.548148
4.347764
4.775596
4.711579
4.256009
4.329486
4.587245
4.502992
4.498710
4.350461
4.485364
4.611252
4.554942
4.533596
4.553891
4.766036
4.770652
4.656183
5.109096
5.047095
5.208290
5.061271
5.056060
5.209109
5.063624
4.862969
5.141314
5.124569
4.988198
4.921272
4.799606
5.109982
4.830438
4.751097
4.941051
5.209630
5.201313
5.359536
5.113125
4.737844
4.660282
4.671095
4.724203
4.627071
4.703084
4.797603
4.734444
4.737791
4.766443
4.693050
4.559774
4.457013
4.618966
4.267045
4.336145
4.468178
4.562745
4.405107
4.282477
4.316920
4.643842
4.818501
4.311852
4.341855
4.155370
3.997189
4.279914
4.246484
3.904891
3.902322
4.246490
4.130183
4.201980
4.189988
4.033500
4.007993
4.342325
4.281928
4.492947
4.462500
4.765274
4.707640
4.599463
4.729581
4.286996
4.405282
4.556355
4.952980
5.040654
5.347087
5.348444
5.474801
5.532098
5.478685
5.504548
5.239087
5.073771
5.023732
4.825585
4.748322
4.534766
4.454031
4.701725
4.501275
4.325596
4.226144
4.383895
4.556184
4.763721
4.849713
4.901012
4.789587
4.931662
4.417399
4.368960
4.370144
4.473789
4.617605
4.622387
4.727771
4.781061
4.612146
4.568033
4.544312
4.502184
4.574745
4.404694
4.532935
4.705906
4.837904
4.958995
4.958174
4.940176
4.814766
4.406989
4.447762
4.425988
4.584187
4.550005
4.471277
4.106187
4.438172
4.215252
3.968891
4.233933
4.266319
4.347367
4.374829
4.210478
4.291988
4.253477
4.234473
4.406411
4.726186
4.719485
4.788986
4.732503
4.739984
4.346032
4.230628
4.271703
4.388463
4.688996
4.670377
4.846144
4.494575
4.659345
4.264474
4.226321
4.132462
3.864153
3.987363
3.870463
3.734654
3.719552
3.783992
3.567393
3.564157
3.676672
3.607393
3.692377
3.876322
3.955995
3.701223
4.008991
4.107867
4.089934
4.131098
4.103274
4.495131
4.447130
4.662862
4.654768
4.911050
4.926188
4.919395
5.233825
5.512417
5.615973
5.504399
5.468771
5.677063
5.915102
5.802279
5.915996
6.041997
6.036573
6.451845
6.266178
6.119357
5.905105
6.125902
6.027319
5.956783
5.830375
5.829391
5.754798
5.859388
5.759535
6.116184
6.088216
6.003148
5.694376
5.486411
5.714694
5.730291
5.613282
5.811734
5.713063
5.545759
5.640773
5.376607
5.479608
5.593883
5.198872
